1.054000e+01 3.770000e-01 3.021655e-02 3.021655e-02
1.149000e+01 3.970000e-01 3.100581e-02 3.100581e-02
1.249000e+01 4.150000e-01 3.030000e-02 3.030000e-02
1.354000e+01 4.500000e-01 4.021393e-02 4.021393e-02
1.468000e+01 4.820000e-01 3.561025e-02 3.561025e-02
1.593000e+01 4.780000e-01 3.707344e-02 3.707344e-02
1.728000e+01 4.860000e-01 3.785499e-02 3.785499e-02
1.873000e+01 4.920000e-01 3.652616e-02 3.652616e-02
2.028000e+01 5.090000e-01 4.297953e-02 4.297953e-02
2.193000e+01 5.350000e-01 4.090672e-02 4.090672e-02
2.373000e+01 5.240000e-01 3.649712e-02 3.649712e-02
2.568000e+01 5.520000e-01 4.512483e-02 4.512483e-02
2.773000e+01 5.500000e-01 3.630716e-02 3.630716e-02
2.992000e+01 5.460000e-01 4.607830e-02 4.607830e-02
3.227000e+01 5.320000e-01 3.955452e-02 3.955452e-02
3.477000e+01 5.650000e-01 4.595966e-02 4.595966e-02
3.747000e+01 5.540000e-01 3.483045e-02 3.483045e-02
4.037000e+01 5.190000e-01 4.347194e-02 4.347194e-02
4.346000e+01 5.280000e-01 3.524046e-02 3.524046e-02
4.676000e+01 5.180000e-01 5.385805e-02 5.385805e-02
5.031000e+01 5.340000e-01 4.045046e-02 4.045046e-02
5.411000e+01 5.200000e-01 4.620866e-02 4.620866e-02
5.815000e+01 5.460000e-01 4.640216e-02 4.640216e-02
6.250000e+01 5.070000e-01 4.716948e-02 4.716948e-02
6.719000e+01 4.770000e-01 4.131053e-02 4.131053e-02
7.224000e+01 4.810000e-01 4.831604e-02 4.831604e-02
7.764000e+01 5.350000e-01 6.428227e-02 6.428227e-02
8.647000e+01 4.410000e-01 3.738770e-02 3.738770e-02
1.002000e+02 4.730000e-01 5.344006e-02 5.344006e-02
1.161000e+02 4.810000e-01 5.748991e-02 5.748991e-02
1.355000e+02 4.960000e-01 6.486332e-02 6.486332e-02
1.602000e+02 4.080000e-01 6.300794e-02 6.300794e-02
1.920000e+02 4.710000e-01 9.487360e-02 9.487360e-02
2.335000e+02 5.430000e-01 1.258074e-01 1.258074e-01
3.384000e+02 3.850000e-01 1.233857e-01 1.233857e-01
