1.007000e+01 2.055000e-01 4.947727e-03 4.947727e-03
1.099000e+01 2.040000e-01 4.947727e-03 4.947727e-03
1.199000e+01 1.970000e-01 4.876474e-03 4.876474e-03
1.299000e+01 1.895000e-01 4.684015e-03 4.684015e-03
1.404000e+01 1.854000e-01 4.712749e-03 4.712749e-03
1.519000e+01 1.818000e-01 4.648656e-03 4.648656e-03
1.644000e+01 1.725000e-01 4.459821e-03 4.459821e-03
1.779000e+01 1.706000e-01 4.494441e-03 4.494441e-03
1.924000e+01 1.682000e-01 4.531004e-03 4.531004e-03
2.078000e+01 1.652000e-01 4.569464e-03 4.569464e-03
2.243000e+01 1.557000e-01 4.386342e-03 4.386342e-03
2.423000e+01 1.531000e-01 4.338202e-03 4.338202e-03
2.613000e+01 1.465000e-01 4.294182e-03 4.294182e-03
2.813000e+01 1.426000e-01 4.341659e-03 4.341659e-03
3.033000e+01 1.397000e-01 4.304649e-03 4.304649e-03
3.268000e+01 1.347000e-01 4.356604e-03 4.356604e-03
3.518000e+01 1.351000e-01 4.548626e-03 4.548626e-03
3.787000e+01 1.284000e-01 4.465423e-03 4.465423e-03
4.077000e+01 1.258000e-01 4.580393e-03 4.580393e-03
4.392000e+01 1.188000e-01 4.420407e-03 4.420407e-03
4.732000e+01 1.173000e-01 4.482187e-03 4.482187e-03
5.106000e+01 1.158000e-01 4.622770e-03 4.622770e-03
5.506000e+01 1.104000e-01 4.669047e-03 4.669047e-03
5.931000e+01 1.054000e-01 4.596738e-03 4.596738e-03
6.405000e+01 1.101000e-01 4.951767e-03 4.951767e-03
6.954000e+01 1.049000e-01 4.879549e-03 4.879549e-03
7.578000e+01 1.031000e-01 5.020956e-03 5.020956e-03
8.277000e+01 9.660000e-02 5.024938e-03 5.024938e-03
9.075000e+01 1.008000e-01 5.375872e-03 5.375872e-03
9.974000e+01 9.780000e-02 5.597321e-03 5.597321e-03
1.100000e+02 8.830000e-02 5.467175e-03 5.467175e-03
1.219000e+02 8.340000e-02 5.481788e-03 5.481788e-03
1.364000e+02 8.230000e-02 5.622277e-03 5.622277e-03
1.540000e+02 8.380000e-02 6.060528e-03 6.060528e-03
1.759000e+02 8.140000e-02 6.280127e-03 6.280127e-03
2.035000e+02 8.090000e-02 6.720119e-03 6.720119e-03
2.397000e+02 7.850000e-02 7.102816e-03 7.102816e-03
2.934000e+02 7.080000e-02 6.742403e-03 6.742403e-03
3.801000e+02 5.710000e-02 6.351378e-03 6.351378e-03
5.339000e+02 4.690000e-02 1.236932e-02 1.236932e-02
9.183000e+02 4.750000e-02 1.464923e-02 1.464923e-02
