#source: CRDB
#Quantity: B/C
#EnergyType: EKN
#Experiment: AMS02
#ads: 2016PhRvL.117w1102A
#E_mean - y - errSta_lo - errSta_up - errSys_lo - errSys_up
4.46482e-01 3.21000e-01 1.80000e-03 1.80000e-03 1.54000e-02 1.54000e-02
5.37316e-01 3.25100e-01 1.70000e-03 1.70000e-03 1.47000e-02 1.47000e-02
6.39725e-01 3.21400e-01 1.50000e-03 1.50000e-03 1.40000e-02 1.40000e-02
7.55921e-01 3.21300e-01 1.40000e-03 1.40000e-03 1.34000e-02 1.34000e-02
8.87321e-01 3.18800e-01 1.30000e-03 1.30000e-03 1.28000e-02 1.28000e-02
1.03174e+00 3.17400e-01 1.20000e-03 1.20000e-03 1.23000e-02 1.23000e-02
1.19197e+00 3.14200e-01 1.20000e-03 1.20000e-03 1.17000e-02 1.17000e-02
1.37171e+00 3.08200e-01 1.10000e-03 1.10000e-03 1.10000e-02 1.10000e-02
1.57150e+00 3.06000e-01 1.00000e-03 1.00000e-03 1.05000e-02 1.05000e-02
1.79131e+00 3.00800e-01 1.00000e-03 1.00000e-03 9.90000e-03 9.90000e-03
2.03116e+00 2.94100e-01 1.00000e-03 1.00000e-03 9.30000e-03 9.30000e-03
2.29103e+00 2.87200e-01 1.00000e-03 1.00000e-03 8.70000e-03 8.70000e-03
2.57564e+00 2.79400e-01 1.00000e-03 1.00000e-03 8.10000e-03 8.10000e-03
2.89029e+00 2.74500e-01 9.00000e-04 9.00000e-04 7.60000e-03 7.60000e-03
3.23026e+00 2.69100e-01 1.00000e-03 1.00000e-03 7.20000e-03 7.20000e-03
3.59498e+00 2.64500e-01 1.00000e-03 1.00000e-03 6.80000e-03 6.80000e-03
3.98974e+00 2.60900e-01 1.00000e-03 1.00000e-03 6.50000e-03 6.50000e-03
4.41928e+00 2.53900e-01 1.00000e-03 1.00000e-03 6.20000e-03 6.20000e-03
4.88886e+00 2.49600e-01 1.10000e-03 1.10000e-03 6.00000e-03 6.00000e-03
5.37942e+00 2.43300e-01 1.10000e-03 1.10000e-03 5.70000e-03 5.70000e-03
5.89859e+00 2.37800e-01 1.10000e-03 1.10000e-03 5.50000e-03 5.50000e-03
6.47305e+00 2.32700e-01 1.20000e-03 1.20000e-03 5.40000e-03 5.40000e-03
7.09279e+00 2.28100e-01 1.20000e-03 1.20000e-03 5.30000e-03 5.30000e-03
7.76211e+00 2.23600e-01 1.20000e-03 1.20000e-03 5.20000e-03 5.20000e-03
8.48193e+00 2.15700e-01 1.20000e-03 1.20000e-03 5.00000e-03 5.00000e-03
9.25136e+00 2.12200e-01 1.20000e-03 1.20000e-03 4.90000e-03 4.90000e-03
1.00712e+01 2.05500e-01 1.20000e-03 1.20000e-03 4.80000e-03 4.80000e-03
1.09886e+01 2.04000e-01 1.20000e-03 1.20000e-03 4.80000e-03 4.80000e-03
1.19896e+01 1.97000e-01 1.30000e-03 1.30000e-03 4.70000e-03 4.70000e-03
1.29904e+01 1.89500e-01 1.30000e-03 1.30000e-03 4.50000e-03 4.50000e-03
1.40392e+01 1.85400e-01 1.40000e-03 1.40000e-03 4.50000e-03 4.50000e-03
1.51882e+01 1.81800e-01 1.50000e-03 1.50000e-03 4.40000e-03 4.40000e-03
1.64372e+01 1.72500e-01 1.50000e-03 1.50000e-03 4.20000e-03 4.20000e-03
1.77862e+01 1.70600e-01 1.60000e-03 1.60000e-03 4.20000e-03 4.20000e-03
1.92354e+01 1.68200e-01 1.70000e-03 1.70000e-03 4.20000e-03 4.20000e-03
2.07846e+01 1.65200e-01 1.80000e-03 1.80000e-03 4.20000e-03 4.20000e-03
2.24339e+01 1.55700e-01 1.80000e-03 1.80000e-03 4.00000e-03 4.00000e-03
2.42314e+01 1.53100e-01 1.90000e-03 1.90000e-03 3.90000e-03 3.90000e-03
2.61327e+01 1.46500e-01 2.00000e-03 2.00000e-03 3.80000e-03 3.80000e-03
2.81304e+01 1.42600e-01 2.10000e-03 2.10000e-03 3.80000e-03 3.80000e-03
3.03282e+01 1.39700e-01 2.20000e-03 2.20000e-03 3.70000e-03 3.70000e-03
3.26780e+01 1.34700e-01 2.30000e-03 2.30000e-03 3.70000e-03 3.70000e-03
3.51760e+01 1.35100e-01 2.50000e-03 2.50000e-03 3.80000e-03 3.80000e-03
3.78741e+01 1.28400e-01 2.50000e-03 2.50000e-03 3.70000e-03 3.70000e-03
4.07724e+01 1.25800e-01 2.70000e-03 2.70000e-03 3.70000e-03 3.70000e-03
4.39190e+01 1.18800e-01 2.70000e-03 2.70000e-03 3.50000e-03 3.50000e-03
4.73176e+01 1.17300e-01 2.80000e-03 2.80000e-03 3.50000e-03 3.50000e-03
5.10608e+01 1.15800e-01 2.90000e-03 2.90000e-03 3.60000e-03 3.60000e-03
5.50637e+01 1.10400e-01 3.20000e-03 3.20000e-03 3.40000e-03 3.40000e-03
5.93073e+01 1.05400e-01 3.20000e-03 3.20000e-03 3.30000e-03 3.30000e-03
6.40512e+01 1.10100e-01 3.40000e-03 3.40000e-03 3.60000e-03 3.60000e-03
6.95353e+01 1.04900e-01 3.40000e-03 3.40000e-03 3.50000e-03 3.50000e-03
7.57803e+01 1.03100e-01 3.60000e-03 3.60000e-03 3.50000e-03 3.50000e-03
8.27651e+01 9.66000e-02 3.70000e-03 3.70000e-03 3.40000e-03 3.40000e-03
9.07505e+01 1.00800e-01 3.90000e-03 3.90000e-03 3.70000e-03 3.70000e-03
9.97370e+01 9.78000e-02 4.20000e-03 4.20000e-03 3.70000e-03 3.70000e-03
1.09963e+02 8.83000e-02 4.20000e-03 4.20000e-03 3.50000e-03 3.50000e-03
1.21927e+02 8.34000e-02 4.30000e-03 4.30000e-03 3.40000e-03 3.40000e-03
1.36366e+02 8.23000e-02 4.40000e-03 4.40000e-03 3.50000e-03 3.50000e-03
1.54042e+02 8.38000e-02 4.80000e-03 4.80000e-03 3.70000e-03 3.70000e-03
1.75924e+02 8.14000e-02 5.00000e-03 5.00000e-03 3.80000e-03 3.80000e-03
2.03511e+02 8.09000e-02 5.40000e-03 5.40000e-03 4.00000e-03 4.00000e-03
2.39682e+02 7.85000e-02 5.80000e-03 5.80000e-03 4.10000e-03 4.10000e-03
2.93415e+02 7.08000e-02 5.50000e-03 5.50000e-03 3.90000e-03 3.90000e-03
3.80142e+02 5.71000e-02 5.30000e-03 5.30000e-03 3.50000e-03 3.50000e-03
5.33872e+02 4.69000e-02 1.20000e-02 1.20000e-02 3.00000e-03 3.00000e-03
9.18284e+02 4.75000e-02 1.42000e-02 1.42000e-02 3.60000e-03 3.60000e-03
