5.270000e+00 7.854000e+00 1.020784e-01 1.020784e-01
5.745000e+00 6.372000e+00 8.409518e-02 8.409518e-02
6.245000e+00 5.194000e+00 6.802941e-02 6.802941e-02
6.770000e+00 4.244000e+00 5.603570e-02 5.603570e-02
7.340000e+00 3.460000e+00 4.604346e-02 4.604346e-02
7.965000e+00 2.812000e+00 3.605551e-02 3.605551e-02
8.640000e+00 2.282000e+00 3.006659e-02 3.006659e-02
9.365000e+00 1.853600e+00 2.442949e-02 2.442949e-02
1.014000e+01 1.506000e+00 2.002498e-02 2.002498e-02
1.096500e+01 1.226200e+00 1.621974e-02 1.621974e-02
1.186500e+01 9.972000e-01 1.322422e-02 1.322422e-02
1.284000e+01 8.098000e-01 1.081665e-02 1.081665e-02
1.386500e+01 6.604000e-01 8.820431e-03 8.820431e-03
1.496000e+01 5.388000e-01 7.211103e-03 7.211103e-03
1.613500e+01 4.402000e-01 6.013319e-03 6.013319e-03
1.738500e+01 3.604000e-01 4.816638e-03 4.816638e-03
1.873500e+01 2.950000e-01 4.004997e-03 4.004997e-03
2.018500e+01 2.406000e-01 3.206244e-03 3.206244e-03
2.173000e+01 1.972200e-01 2.708948e-03 2.708948e-03
2.338000e+01 1.618400e-01 2.227285e-03 2.227285e-03
2.515500e+01 1.325400e-01 1.827019e-03 1.827019e-03
2.705500e+01 1.089200e-01 1.506519e-03 1.506519e-03
2.907500e+01 8.962000e-02 1.245793e-03 1.245793e-03
3.125000e+01 7.370000e-02 1.024890e-03 1.024890e-03
3.359500e+01 6.072000e-02 8.459314e-04 8.459314e-04
3.612000e+01 4.992000e-02 7.045566e-04 7.045566e-04
3.882000e+01 4.102000e-02 5.854912e-04 5.854912e-04
4.171500e+01 3.362000e-02 4.837355e-04 4.837355e-04
4.484000e+01 2.774000e-02 4.044750e-04 4.044750e-04
4.821000e+01 2.280000e-02 3.224903e-04 3.224903e-04
5.195000e+01 1.862200e-02 2.670131e-04 2.670131e-04
5.595000e+01 1.519400e-02 2.189795e-04 2.189795e-04
6.020000e+01 1.237200e-02 1.808535e-04 1.808535e-04
6.495000e+01 1.005800e-02 1.482970e-04 1.482970e-04
7.040000e+01 8.072000e-03 1.200333e-04 1.200333e-04
7.665000e+01 6.374000e-03 9.570789e-05 9.570789e-05
8.365000e+01 5.042000e-03 7.766595e-05 7.766595e-05
9.165000e+01 3.944000e-03 6.118823e-05 6.118823e-05
1.006000e+02 3.064000e-03 4.903060e-05 4.903060e-05
1.108500e+02 2.340000e-03 3.883298e-05 3.883298e-05
1.228000e+02 1.779000e-03 2.998133e-05 2.998133e-05
1.372000e+02 1.310400e-03 2.280088e-05 2.280088e-05
1.548500e+02 9.516000e-04 1.726963e-05 1.726963e-05
1.767500e+02 6.678000e-04 1.295222e-05 1.295222e-05
2.043000e+02 4.548000e-04 9.459387e-06 9.459387e-06
2.403500e+02 2.946000e-04 6.596969e-06 6.596969e-06
2.901500e+02 1.819000e-04 4.551220e-06 4.551220e-06
3.628500e+02 9.966000e-05 2.883123e-06 2.883123e-06
4.804500e+02 4.824000e-05 1.710205e-06 1.710205e-06
7.085000e+02 1.766200e-05 8.737254e-07 8.737254e-07
1.153000e+03 5.036000e-06 4.013826e-07 4.013826e-07
