7.159476e-01 0.196491 0.021303 0.026316
9.939430e-01 0.176441 0.015038 0.016291
1.330487e+00 0.182707 0.017544 0.020050
1.764826e+00 0.160150 0.020050 0.021303
2.277822e+00 0.187719 0.021303 0.023810
2.860648e+00 0.229073 0.025063 0.027569
3.527714e+00 0.240351 0.031328 0.035088
4.390159e+00 0.252882 0.015038 0.017544
5.316106e+00 0.260401 0.015038 0.015038
6.496283e+00 0.262907 0.016291 0.017544
7.866442e+00 0.319298 0.018797 0.021303
9.439175e+00 0.277945 0.022556 0.021303
1.112178e+01 0.306767 0.031328 0.031328
