#source: CRDB
#Quantity: e+
#EnergyType: EK
#Experiment: AMS02
#ads: 2021PhR...894....1A
#E_mean - y - errSta_lo - errSta_up - errSys_lo - errSys_up
5.69573e-01 2.66900e+00 1.09000e-01 1.09000e-01 1.41000e-01 1.41000e-01
7.29554e-01 2.57600e+00 2.90000e-02 2.90000e-02 1.05000e-01 1.05000e-01
9.09541e-01 2.27200e+00 1.60000e-02 1.60000e-02 7.10000e-02 7.10000e-02
1.10953e+00 1.92900e+00 1.10000e-02 1.10000e-02 4.90000e-02 4.90000e-02
1.33410e+00 1.52800e+00 7.00000e-03 7.00000e-03 3.20000e-02 3.20000e-02
1.58416e+00 1.19600e+00 5.00000e-03 5.00000e-03 2.10000e-02 2.10000e-02
1.85421e+00 9.23900e-01 3.20000e-03 3.20000e-03 1.39000e-02 1.39000e-02
2.14891e+00 7.00300e-01 2.20000e-03 2.20000e-03 9.50000e-03 9.50000e-03
2.47365e+00 5.34100e-01 1.60000e-03 1.60000e-03 6.80000e-03 6.80000e-03
2.81906e+00 3.98300e-01 1.30000e-03 1.30000e-03 4.90000e-03 4.90000e-03
3.17439e+00 3.02400e-01 1.00000e-03 1.00000e-03 3.60000e-03 3.60000e-03
3.53966e+00 2.33800e-01 8.00000e-04 8.00000e-04 2.80000e-03 2.80000e-03
3.91964e+00 1.80900e-01 6.00000e-04 6.00000e-04 2.10000e-03 2.10000e-03
4.32439e+00 1.38900e-01 5.00000e-04 5.00000e-04 1.60000e-03 1.60000e-03
4.76394e+00 1.06900e-01 4.00000e-04 4.00000e-04 1.30000e-03 1.30000e-03
5.23876e+00 8.20800e-02 3.10000e-04 3.10000e-04 9.90000e-04 9.90000e-04
5.73883e+00 6.27800e-02 2.50000e-04 2.50000e-04 7.60000e-04 7.60000e-04
6.26367e+00 4.92300e-02 2.00000e-04 2.00000e-04 6.00000e-04 6.00000e-04
6.81374e+00 3.89000e-02 1.70000e-04 1.70000e-04 4.80000e-04 4.80000e-04
7.38860e+00 3.01800e-02 1.40000e-04 1.40000e-04 3.70000e-04 3.70000e-04
7.98867e+00 2.40600e-02 1.20000e-04 1.20000e-04 3.00000e-04 3.00000e-04
8.61836e+00 1.90000e-02 1.00000e-04 1.00000e-04 2.40000e-04 2.40000e-04
9.27844e+00 1.53000e-02 8.00000e-05 8.00000e-05 1.90000e-04 1.90000e-04
9.96334e+00 1.24200e-02 7.00000e-05 7.00000e-05 1.60000e-04 1.60000e-04
1.06734e+01 1.00700e-02 6.00000e-05 6.00000e-05 1.30000e-04 1.30000e-04
1.14132e+01 8.30200e-03 5.50000e-05 5.50000e-05 1.08000e-04 1.08000e-04
1.21881e+01 6.91800e-03 4.80000e-05 4.80000e-05 9.00000e-05 9.00000e-05
1.29930e+01 5.66800e-03 4.20000e-05 4.20000e-05 7.50000e-05 7.50000e-05
1.38231e+01 4.64300e-03 3.70000e-05 3.70000e-05 6.10000e-05 6.10000e-05
1.46877e+01 3.86400e-03 3.20000e-05 3.20000e-05 5.10000e-05 5.10000e-05
1.55878e+01 3.26200e-03 2.80000e-05 2.80000e-05 4.40000e-05 4.40000e-05
1.65177e+01 2.71800e-03 2.50000e-05 2.50000e-05 3.70000e-05 3.70000e-05
1.74826e+01 2.29300e-03 2.20000e-05 2.20000e-05 3.10000e-05 3.10000e-05
1.84776e+01 1.93300e-03 1.90000e-05 1.90000e-05 2.60000e-05 2.60000e-05
1.95074e+01 1.66600e-03 1.70000e-05 1.70000e-05 2.30000e-05 2.30000e-05
2.05773e+01 1.45400e-03 1.50000e-05 1.50000e-05 2.00000e-05 2.00000e-05
2.16823e+01 1.21400e-03 1.40000e-05 1.40000e-05 1.70000e-05 1.70000e-05
2.28270e+01 1.01800e-03 1.20000e-05 1.20000e-05 1.40000e-05 1.40000e-05
2.40120e+01 9.03100e-04 1.11000e-05 1.11000e-05 1.27000e-05 1.27000e-05
2.52514e+01 7.64700e-04 9.80000e-06 9.80000e-06 1.08000e-05 1.08000e-05
2.65659e+01 6.75700e-04 8.90000e-06 8.90000e-06 9.60000e-06 9.60000e-06
2.79553e+01 5.74700e-04 8.00000e-06 8.00000e-06 8.20000e-06 8.20000e-06
2.94345e+01 5.06300e-04 7.20000e-06 7.20000e-06 7.20000e-06 7.20000e-06
3.10040e+01 4.27300e-04 6.50000e-06 6.50000e-06 6.10000e-06 6.10000e-06
3.26633e+01 3.68100e-04 5.90000e-06 5.90000e-06 5.30000e-06 5.30000e-06
3.44323e+01 3.12600e-04 5.20000e-06 5.20000e-06 4.50000e-06 4.50000e-06
3.63214e+01 2.75400e-04 4.80000e-06 4.80000e-06 4.00000e-06 4.00000e-06
3.83354e+01 2.32800e-04 4.30000e-06 4.30000e-06 3.40000e-06 3.40000e-06
4.04843e+01 2.00400e-04 3.80000e-06 3.80000e-06 3.00000e-06 3.00000e-06
4.27878e+01 1.72300e-04 3.40000e-06 3.40000e-06 2.60000e-06 2.60000e-06
4.52663e+01 1.44600e-04 3.00000e-06 3.00000e-06 2.20000e-06 2.20000e-06
4.79296e+01 1.32300e-04 2.80000e-06 2.80000e-06 2.00000e-06 2.00000e-06
5.08074e+01 1.02900e-04 2.40000e-06 2.40000e-06 1.60000e-06 1.60000e-06
5.39300e+01 8.86000e-05 2.14000e-06 2.14000e-06 1.37000e-06 1.37000e-06
5.73270e+01 7.55800e-05 1.89000e-06 1.89000e-06 1.18000e-06 1.18000e-06
6.10435e+01 6.11500e-05 1.64000e-06 1.64000e-06 9.70000e-07 9.70000e-07
6.51243e+01 5.50200e-05 1.49000e-06 1.49000e-06 8.80000e-07 8.80000e-07
6.96340e+01 4.36700e-05 1.26000e-06 1.26000e-06 7.10000e-07 7.10000e-07
7.46621e+01 3.82600e-05 1.11000e-06 1.11000e-06 6.20000e-07 6.20000e-07
8.03087e+01 3.01300e-05 9.40000e-07 9.40000e-07 5.00000e-07 5.00000e-07
8.67073e+01 2.51100e-05 8.10000e-07 8.10000e-07 4.20000e-07 4.20000e-07
9.40518e+01 2.03700e-05 6.80000e-07 6.80000e-07 3.50000e-07 3.50000e-07
1.02586e+02 1.46100e-05 5.90000e-07 5.90000e-07 2.50000e-07 2.50000e-07
1.12713e+02 1.17300e-05 4.80000e-07 4.80000e-07 2.00000e-07 2.00000e-07
1.25062e+02 8.67700e-06 3.76000e-07 3.76000e-07 1.51000e-07 1.51000e-07
1.40201e+02 6.99800e-06 3.03000e-07 3.03000e-07 1.25000e-07 1.25000e-07
1.59000e+02 4.59500e-06 2.21000e-07 2.21000e-07 8.40000e-08 8.40000e-08
1.83273e+02 3.20100e-06 1.63000e-07 1.63000e-07 6.00000e-08 6.00000e-08
2.16551e+02 1.87100e-06 1.11000e-07 1.11000e-07 3.90000e-08 3.90000e-08
2.62274e+02 1.15800e-06 7.70000e-08 7.70000e-08 2.60000e-08 2.60000e-08
3.27566e+02 5.77300e-07 4.96000e-08 4.96000e-08 1.50000e-08 1.50000e-08
4.30116e+02 2.49100e-07 2.86000e-08 2.86000e-08 9.10000e-09 9.10000e-09
5.91607e+02 8.31200e-08 1.67500e-08 1.67500e-08 7.70000e-09 7.70000e-09
8.36660e+02 1.92700e-08 1.08700e-08 1.08700e-08 4.44000e-09 4.44000e-09
