#source: CRDB
#Quantity: 1H-bar/e+
#EnergyType: R
#Experiment: AMS02
#ads: 2016PhRvL.117i1103A
#E_mean - y - errSta_lo - errSta_up - errSys_lo - errSys_up
1.05404e+01 3.77000e-01 5.00000e-03 5.00000e-03 2.98000e-02 2.98000e-02
1.14891e+01 3.97000e-01 5.00000e-03 5.00000e-03 3.06000e-02 3.06000e-02
1.24900e+01 4.15000e-01 6.00000e-03 6.00000e-03 2.97000e-02 2.97000e-02
1.35388e+01 4.50000e-01 7.00000e-03 7.00000e-03 3.96000e-02 3.96000e-02
1.46877e+01 4.82000e-01 8.00000e-03 8.00000e-03 3.47000e-02 3.47000e-02
1.59367e+01 4.78000e-01 8.00000e-03 8.00000e-03 3.62000e-02 3.62000e-02
1.72858e+01 4.86000e-01 8.00000e-03 8.00000e-03 3.70000e-02 3.70000e-02
1.87350e+01 4.92000e-01 9.00000e-03 9.00000e-03 3.54000e-02 3.54000e-02
2.02842e+01 5.09000e-01 1.00000e-02 1.00000e-02 4.18000e-02 4.18000e-02
2.19335e+01 5.35000e-01 1.10000e-02 1.10000e-02 3.94000e-02 3.94000e-02
2.37310e+01 5.24000e-01 1.10000e-02 1.10000e-02 3.48000e-02 3.48000e-02
2.56805e+01 5.52000e-01 1.20000e-02 1.20000e-02 4.35000e-02 4.35000e-02
2.77301e+01 5.50000e-01 1.30000e-02 1.30000e-02 3.39000e-02 3.39000e-02
2.99279e+01 5.46000e-01 1.40000e-02 1.40000e-02 4.39000e-02 4.39000e-02
3.22777e+01 5.32000e-01 1.50000e-02 1.50000e-02 3.66000e-02 3.66000e-02
3.47757e+01 5.65000e-01 1.70000e-02 1.70000e-02 4.27000e-02 4.27000e-02
3.74739e+01 5.54000e-01 1.70000e-02 1.70000e-02 3.04000e-02 3.04000e-02
4.03721e+01 5.19000e-01 1.90000e-02 1.90000e-02 3.91000e-02 3.91000e-02
4.34706e+01 5.28000e-01 2.10000e-02 2.10000e-02 2.83000e-02 2.83000e-02
4.67691e+01 5.18000e-01 2.30000e-02 2.30000e-02 4.87000e-02 4.87000e-02
5.03160e+01 5.34000e-01 2.50000e-02 2.50000e-02 3.18000e-02 3.18000e-02
5.41149e+01 5.20000e-01 2.60000e-02 2.60000e-02 3.82000e-02 3.82000e-02
5.81621e+01 5.46000e-01 3.00000e-02 3.00000e-02 3.54000e-02 3.54000e-02
6.25095e+01 5.07000e-01 3.00000e-02 3.00000e-02 3.64000e-02 3.64000e-02
6.72054e+01 4.77000e-01 3.00000e-02 3.00000e-02 2.84000e-02 2.84000e-02
7.22532e+01 4.81000e-01 3.20000e-02 3.20000e-02 3.62000e-02 3.62000e-02
7.76495e+01 5.35000e-01 3.90000e-02 3.90000e-02 5.11000e-02 5.11000e-02
8.65246e+01 4.41000e-01 2.50000e-02 2.50000e-02 2.78000e-02 2.78000e-02
1.00220e+02 4.73000e-01 3.20000e-02 3.20000e-02 4.28000e-02 4.28000e-02
1.16190e+02 4.81000e-01 4.10000e-02 4.10000e-02 4.03000e-02 4.03000e-02
1.35554e+02 4.96000e-01 4.90000e-02 4.90000e-02 4.25000e-02 4.25000e-02
1.60390e+02 4.08000e-01 5.10000e-02 5.10000e-02 3.70000e-02 3.70000e-02
1.92159e+02 4.71000e-01 8.00000e-02 8.00000e-02 5.10000e-02 5.10000e-02
2.33771e+02 5.43000e-01 1.05000e-01 1.05000e-01 6.93000e-02 6.93000e-02
3.41394e+02 3.85000e-01 1.05000e-01 1.05000e-01 6.48000e-02 6.48000e-02
