1.054000e+01 2.155000e+01 2.100000e-01 2.100000e-01
1.149000e+01 1.731000e+01 1.700000e-01 1.700000e-01
1.249000e+01 1.395000e+01 1.400000e-01 1.400000e-01
1.354000e+01 1.132000e+01 1.100000e-01 1.100000e-01
1.468000e+01 9.141000e+00 8.602325e-02 8.602325e-02
1.593000e+01 7.363000e+00 6.802941e-02 6.802941e-02
1.728000e+01 5.929000e+00 5.400926e-02 5.400926e-02
1.873000e+01 4.774000e+00 4.201190e-02 4.201190e-02
2.028000e+01 3.850000e+00 3.401470e-02 3.401470e-02
2.193000e+01 3.110000e+00 2.801785e-02 2.801785e-02
2.373000e+01 2.506000e+00 2.302173e-02 2.302173e-02
2.568000e+01 2.013000e+00 1.802776e-02 1.802776e-02
2.773000e+01 1.628000e+00 1.500000e-02 1.500000e-02
2.992000e+01 1.316000e+00 1.200000e-02 1.200000e-02
3.227000e+01 1.066000e+00 1.000000e-02 1.000000e-02
3.477000e+01 8.649000e-01 8.205486e-03 8.205486e-03
3.747000e+01 7.018000e-01 6.806614e-03 6.806614e-03
4.037000e+01 5.702000e-01 5.603570e-03 5.603570e-03
4.346000e+01 4.637000e-01 4.604346e-03 4.604346e-03
4.676000e+01 3.775000e-01 3.805260e-03 3.805260e-03
5.031000e+01 3.074000e-01 3.106445e-03 3.106445e-03
5.411000e+01 2.508000e-01 2.601922e-03 2.601922e-03
5.815000e+01 2.048000e-01 2.102380e-03 2.102380e-03
6.250000e+01 1.674000e-01 1.802776e-03 1.802776e-03
6.719000e+01 1.369000e-01 1.503330e-03 1.503330e-03
7.224000e+01 1.116000e-01 1.204159e-03 1.204159e-03
7.764000e+01 9.124000e-02 1.012423e-03 1.012423e-03
8.343000e+01 7.445000e-02 8.421401e-04 8.421401e-04
8.968000e+01 6.067000e-02 6.918092e-04 6.918092e-04
9.642000e+01 4.951000e-02 5.821512e-04 5.821512e-04
1.039000e+02 4.009000e-02 4.816638e-04 4.816638e-04
1.119000e+02 3.253000e-02 3.911521e-04 3.911521e-04
1.204000e+02 2.647000e-02 3.313608e-04 3.313608e-04
1.299000e+02 2.137000e-02 2.716616e-04 2.716616e-04
1.408000e+02 1.702000e-02 2.209072e-04 2.209072e-04
1.533000e+02 1.341000e-02 1.811077e-04 1.811077e-04
1.673000e+02 1.052000e-02 1.503330e-04 1.503330e-04
1.833000e+02 8.166000e-03 1.186086e-04 1.186086e-04
2.012000e+02 6.269000e-03 9.552487e-05 9.552487e-05
2.217000e+02 4.790000e-03 7.641989e-05 7.641989e-05
2.456000e+02 3.627000e-03 6.129437e-05 6.129437e-05
2.744000e+02 2.674000e-03 4.825971e-05 4.825971e-05
3.097000e+02 1.914000e-03 3.721559e-05 3.721559e-05
3.535000e+02 1.343000e-03 2.816026e-05 2.816026e-05
4.086000e+02 8.957000e-04 2.089593e-05 2.089593e-05
4.807000e+02 5.752000e-04 1.496563e-05 1.496563e-05
5.803000e+02 3.432000e-04 1.004042e-05 1.004042e-05
7.257000e+02 1.905000e-04 6.328507e-06 6.328507e-06
9.609000e+02 9.068000e-05 3.521960e-06 3.521960e-06
1.417000e+03 3.260000e-05 1.604494e-06 1.604494e-06
