1.054000e+01 3.790000e-03 1.414214e-04 1.414214e-04
1.149000e+01 3.040000e-03 1.118034e-04 1.118034e-04
1.249000e+01 2.570000e-03 9.219544e-05 9.219544e-05
1.354000e+01 2.150000e-03 8.062258e-05 8.062258e-05
1.468000e+01 1.740000e-03 6.082763e-05 6.082763e-05
1.593000e+01 1.420000e-03 5.099020e-05 5.099020e-05
1.728000e+01 1.160000e-03 4.123106e-05 4.123106e-05
1.873000e+01 9.520000e-04 3.275668e-05 3.275668e-05
2.028000e+01 7.710000e-04 2.570992e-05 2.570992e-05
2.193000e+01 6.330000e-04 2.061553e-05 2.061553e-05
2.373000e+01 5.090000e-04 1.552417e-05 1.552417e-05
2.568000e+01 4.030000e-04 1.140175e-05 1.140175e-05
2.773000e+01 3.300000e-04 9.486833e-06 9.486833e-06
2.992000e+01 2.710000e-04 7.280110e-06 7.280110e-06
3.227000e+01 2.160000e-04 6.324555e-06 6.324555e-06
3.477000e+01 1.810000e-04 5.385165e-06 5.385165e-06
3.747000e+01 1.430000e-04 4.472136e-06 4.472136e-06
4.037000e+01 1.100000e-04 3.605551e-06 3.605551e-06
4.346000e+01 8.800000e-05 2.884441e-06 2.884441e-06
4.676000e+01 7.190000e-05 2.441311e-06 2.441311e-06
5.031000e+01 5.940000e-05 2.061553e-06 2.061553e-06
5.411000e+01 4.970000e-05 1.780449e-06 1.780449e-06
5.815000e+01 3.830000e-05 1.486607e-06 1.486607e-06
6.250000e+01 3.160000e-05 1.204159e-06 1.204159e-06
6.719000e+01 2.390000e-05 9.899495e-07 9.899495e-07
7.224000e+01 2.090000e-05 9.219544e-07 9.219544e-07
7.764000e+01 1.700000e-05 7.810250e-07 7.810250e-07
8.647000e+01 1.270000e-05 5.656854e-07 5.656854e-07
1.002000e+02 7.770000e-06 3.894868e-07 3.894868e-07
1.161000e+02 4.940000e-06 2.969848e-07 2.969848e-07
1.355000e+02 3.410000e-06 2.334524e-07 2.334524e-07
1.602000e+02 2.340000e-06 1.838478e-07 1.838478e-07
1.920000e+02 1.120000e-06 1.500000e-07 1.500000e-07
2.295000e+02 8.210000e-07 1.270630e-07 1.270630e-07
2.866000e+02 4.370000e-07 8.902247e-08 8.902247e-08
4.136000e+02 1.330000e-07 5.307542e-08 5.307542e-08
