#source: CRDB
#Quantity: H
#EnergyType: EK
#Experiment: AMS02
#ads: 2021PhR...894....1A
#E_mean - y - errSta_lo - errSta_up - errSys_lo - errSys_up
4.89729e-01 1.09362e+03 5.30431e-01 5.30431e-01 1.65760e+01 1.65760e+01
6.17932e-01 1.00074e+03 3.75934e-01 3.75934e-01 1.31577e+01 1.31577e+01
7.60868e-01 9.11517e+02 2.39841e-01 2.39841e-01 1.07929e+01 1.07929e+01
9.21962e-01 8.16902e+02 2.31581e-01 2.31581e-01 9.26324e+00 9.26324e+00
1.10169e+00 7.20445e+02 1.12605e-01 1.12605e-01 7.99493e+00 7.99493e+00
1.29911e+00 6.24729e+02 1.10143e-01 1.10143e-01 6.82884e+00 6.82884e+00
1.51886e+00 5.33702e+02 1.08190e-01 1.08190e-01 5.84227e+00 5.84227e+00
1.76084e+00 4.53025e+02 1.06644e-01 1.06644e-01 4.90564e+00 4.90564e+00
2.02931e+00 3.81449e+02 1.05402e-01 1.05402e-01 4.21607e+00 4.21607e+00
2.32481e+00 3.19688e+02 1.04405e-01 1.04405e-01 3.44537e+00 3.44537e+00
2.64663e+00 2.66377e+02 0.00000e+00 0.00000e+00 2.90103e+00 2.90103e+00
2.99978e+00 2.20855e+02 0.00000e+00 0.00000e+00 2.36814e+00 2.36814e+00
3.38419e+00 1.82242e+02 0.00000e+00 0.00000e+00 1.94637e+00 1.94637e+00
3.80439e+00 1.49451e+02 0.00000e+00 0.00000e+00 1.63223e+00 1.63223e+00
4.26552e+00 1.21693e+02 0.00000e+00 0.00000e+00 1.32164e+00 1.32164e+00
4.76755e+00 9.86316e+01 2.02758e-02 2.02758e-02 1.05434e+00 1.05434e+00
5.31040e+00 7.97333e+01 1.01146e-02 1.01146e-02 8.49625e-01 8.49625e-01
5.89873e+00 6.43181e+01 1.00954e-02 1.00954e-02 6.76395e-01 6.76395e-01
6.53769e+00 5.17892e+01 1.00796e-02 1.00796e-02 5.44301e-01 5.44301e-01
7.22726e+00 4.16658e+01 1.00666e-02 1.00666e-02 4.32865e-01 4.32865e-01
7.97213e+00 3.34961e+01 1.00559e-02 1.00559e-02 3.41899e-01 3.41899e-01
8.77748e+00 2.69157e+01 0.00000e+00 0.00000e+00 2.71267e-01 2.71267e-01
9.64328e+00 2.16352e+01 0.00000e+00 0.00000e+00 2.10830e-01 2.10830e-01
1.05885e+01 1.73676e+01 0.00000e+00 0.00000e+00 1.70566e-01 1.70566e-01
1.15865e+01 1.39893e+01 0.00000e+00 0.00000e+00 1.40394e-01 1.40394e-01
1.26326e+01 1.13471e+01 0.00000e+00 0.00000e+00 1.10264e-01 1.10264e-01
1.37789e+01 9.15962e+00 2.00407e-03 2.00407e-03 8.61752e-02 8.61752e-02
1.50256e+01 7.37574e+00 2.00346e-03 2.00346e-03 6.81177e-02 6.81177e-02
1.63725e+01 5.93772e+00 1.00147e-03 1.00147e-03 5.40794e-02 5.40794e-02
1.78198e+01 4.77998e+00 1.00125e-03 1.00125e-03 4.20526e-02 4.20526e-02
1.93672e+01 3.85411e+00 1.00107e-03 1.00107e-03 3.40363e-02 3.40363e-02
2.10149e+01 3.11284e+00 1.00091e-03 1.00091e-03 2.80256e-02 2.80256e-02
2.28108e+01 2.50796e+00 1.00078e-03 1.00078e-03 2.30180e-02 2.30180e-02
2.47590e+01 2.01434e+00 1.00067e-03 1.00067e-03 1.80120e-02 1.80120e-02
2.68073e+01 1.62893e+00 0.00000e+00 0.00000e+00 1.50086e-02 1.50086e-02
2.90039e+01 1.31665e+00 0.00000e+00 0.00000e+00 1.20059e-02 1.20059e-02
3.13527e+01 1.06645e+00 0.00000e+00 0.00000e+00 1.00042e-02 1.00042e-02
3.38497e+01 8.65215e-01 3.00109e-04 3.00109e-04 8.20298e-03 8.20298e-03
3.65470e+01 7.02020e-01 3.00094e-04 3.00094e-04 6.80213e-03 6.80213e-03
3.94444e+01 5.70354e-01 2.00054e-04 2.00054e-04 5.60151e-03 5.60151e-03
4.25421e+01 4.63808e-01 2.00047e-04 2.00047e-04 4.60107e-03 4.60107e-03
4.58399e+01 3.77576e-01 2.00040e-04 2.00040e-04 3.80076e-03 3.80076e-03
4.93861e+01 3.07453e-01 2.00035e-04 2.00035e-04 3.10054e-03 3.10054e-03
5.31844e+01 2.50838e-01 1.00015e-04 1.00015e-04 2.60039e-03 2.60039e-03
5.72311e+01 2.04827e-01 1.00013e-04 1.00013e-04 2.10027e-03 2.10027e-03
6.15780e+01 1.67419e-01 1.00011e-04 1.00011e-04 1.80020e-03 1.80020e-03
6.62733e+01 1.36913e-01 1.00010e-04 1.00010e-04 1.50015e-03 1.50015e-03
7.13207e+01 1.11609e-01 1.00008e-04 1.00008e-04 1.20010e-03 1.20010e-03
7.67166e+01 9.12467e-02 7.00051e-05 7.00051e-05 1.01007e-03 1.01007e-03
8.25128e+01 7.44547e-02 6.00038e-05 6.00038e-05 8.40053e-04 8.40053e-04
8.87574e+01 6.06733e-02 5.00027e-05 5.00027e-05 6.90038e-04 6.90038e-04
9.55025e+01 4.95123e-02 5.00024e-05 5.00024e-05 5.80027e-04 5.80027e-04
1.02989e+02 4.00916e-02 4.00016e-05 4.00016e-05 4.80020e-04 4.80020e-04
1.10994e+02 3.25311e-02 3.00011e-05 3.00011e-05 3.90014e-04 3.90014e-04
1.19481e+02 2.64708e-02 3.00009e-05 3.00009e-05 3.30010e-04 3.30010e-04
1.28969e+02 2.13706e-02 3.00008e-05 3.00008e-05 2.70007e-04 2.70007e-04
1.39937e+02 1.70204e-02 2.00004e-05 2.00004e-05 2.20005e-04 2.20005e-04
1.52426e+02 1.34103e-02 2.00004e-05 2.00004e-05 1.80003e-04 1.80003e-04
1.66396e+02 1.05202e-02 1.00002e-05 1.00002e-05 1.50002e-04 1.50002e-04
1.82366e+02 8.16611e-03 1.20002e-05 1.20002e-05 1.18002e-04 1.18002e-04
2.00339e+02 6.26907e-03 1.00001e-05 1.00001e-05 9.50010e-05 9.50010e-05
2.20790e+02 4.79004e-03 8.00007e-06 8.00007e-06 7.60007e-05 7.60007e-05
2.44719e+02 3.62703e-03 6.00004e-06 6.00004e-06 6.10004e-05 6.10004e-05
2.73596e+02 2.67402e-03 5.00003e-06 5.00003e-06 4.80003e-05 4.80003e-05
3.08949e+02 1.91401e-03 4.00002e-06 4.00002e-06 3.70002e-05 3.70002e-05
3.52713e+02 1.34300e-03 3.00001e-06 3.00001e-06 2.80001e-05 2.80001e-05
4.07887e+02 8.95702e-04 2.00001e-06 2.00001e-06 2.08001e-05 2.08001e-05
4.80230e+02 5.75201e-04 1.40000e-06 1.40000e-06 1.49000e-05 1.49000e-05
5.80070e+02 3.43200e-04 9.00001e-07 9.00001e-07 1.00000e-05 1.00000e-05
7.26067e+02 1.90500e-04 6.00000e-07 6.00000e-07 6.30001e-06 6.30001e-06
9.62824e+02 9.06800e-05 2.90000e-07 2.90000e-07 3.51000e-06 3.51000e-06
1.42522e+03 3.26000e-05 1.20000e-07 1.20000e-07 1.60000e-06 1.60000e-06
