#source: CRDB
#Quantity: 1H-bar
#EnergyType: EK
#Experiment: AMS02
#ads: 2021PhR...894....1A
#E_mean - y - errSta_lo - errSta_up - errSys_lo - errSys_up
4.89729e-01 8.50016e-03 1.12717e-03 1.12717e-03 7.55865e-04 7.55865e-04
6.17932e-01 9.74921e-03 8.01992e-04 8.01992e-04 7.64398e-04 7.64398e-04
7.60868e-01 1.11406e-02 7.19524e-04 7.19524e-04 7.55500e-04 7.55500e-04
9.21962e-01 1.28528e-02 4.63162e-04 4.63162e-04 8.10534e-04 8.10534e-04
1.10169e+00 1.40756e-02 4.50419e-04 4.50419e-04 7.88233e-04 7.88233e-04
1.29911e+00 1.49794e-02 4.40570e-04 4.40570e-04 7.70998e-04 7.70998e-04
1.51886e+00 1.64449e-02 4.32761e-04 4.32761e-04 8.65521e-04 8.65521e-04
1.76084e+00 1.70631e-02 3.19933e-04 3.19933e-04 8.53155e-04 8.53155e-04
2.02931e+00 1.67589e-02 3.16205e-04 3.16205e-04 8.43214e-04 8.43214e-04
2.32481e+00 1.74357e-02 3.13215e-04 3.13215e-04 8.35241e-04 8.35241e-04
2.64663e+00 1.63701e-02 3.10825e-04 3.10825e-04 8.28867e-04 8.28867e-04
2.99978e+00 1.52385e-02 3.08888e-04 3.08888e-04 7.20738e-04 7.20738e-04
3.38419e+00 1.55710e-02 3.07321e-04 3.07321e-04 7.17083e-04 7.17083e-04
3.80439e+00 1.40780e-02 2.04029e-04 2.04029e-04 6.12088e-04 6.12088e-04
4.26552e+00 1.24031e-02 2.03330e-04 2.03330e-04 5.08324e-04 5.08324e-04
4.76755e+00 1.12531e-02 1.01379e-04 1.01379e-04 5.06895e-04 5.06895e-04
5.31040e+00 9.67966e-03 1.01146e-04 1.01146e-04 4.14698e-04 4.14698e-04
5.89873e+00 8.60132e-03 8.07636e-05 8.07636e-05 3.63436e-04 3.63436e-04
6.53769e+00 7.53957e-03 7.05575e-05 7.05575e-05 3.12469e-04 3.12469e-04
7.22726e+00 6.22118e-03 6.03998e-05 6.03998e-05 2.51666e-04 2.51666e-04
7.97213e+00 5.25922e-03 5.02793e-05 5.02793e-05 2.11173e-04 2.11173e-04
8.77748e+00 4.49098e-03 2.00939e-05 2.00939e-05 1.70798e-04 1.70798e-04
9.64328e+00 3.80498e-03 2.00790e-05 2.00790e-05 1.40553e-04 1.40553e-04
1.05885e+01 3.05011e-03 2.00665e-05 2.00665e-05 1.10366e-04 1.10366e-04
1.15865e+01 2.57724e-03 2.00563e-05 2.00563e-05 9.02534e-05 9.02534e-05
1.26326e+01 2.15515e-03 1.00240e-05 1.00240e-05 8.01918e-05 8.01918e-05
1.37789e+01 1.74354e-03 1.00204e-05 1.00204e-05 6.01222e-05 6.01222e-05
1.50256e+01 1.42246e-03 1.00173e-05 1.00173e-05 5.00865e-05 5.00865e-05
1.63725e+01 1.16171e-03 1.00147e-05 1.00147e-05 4.00588e-05 4.00588e-05
1.78198e+01 9.53192e-04 7.00877e-06 7.00877e-06 3.20401e-05 3.20401e-05
1.93672e+01 7.71824e-04 6.00641e-06 6.00641e-06 2.50267e-05 2.50267e-05
2.10149e+01 6.33579e-04 5.00457e-06 5.00457e-06 2.00183e-05 2.00183e-05
2.28108e+01 5.09397e-04 4.00312e-06 4.00312e-06 1.50117e-05 1.50117e-05
2.47590e+01 4.03269e-04 3.00200e-06 3.00200e-06 1.10073e-05 1.10073e-05
2.68073e+01 3.30189e-04 3.00172e-06 3.00172e-06 9.00515e-06 9.00515e-06
2.90039e+01 2.71133e-04 2.00098e-06 2.00098e-06 7.00344e-06 7.00344e-06
3.13527e+01 2.16091e-04 2.00084e-06 2.00084e-06 6.00253e-06 6.00253e-06
3.38497e+01 1.81066e-04 2.00073e-06 2.00073e-06 5.00182e-06 5.00182e-06
3.65470e+01 1.43045e-04 2.00063e-06 2.00063e-06 4.00125e-06 4.00125e-06
3.94444e+01 1.10030e-04 2.00054e-06 2.00054e-06 3.00081e-06 3.00081e-06
4.25421e+01 8.80205e-05 1.60037e-06 1.60037e-06 2.40056e-06 2.40056e-06
4.58399e+01 7.19145e-05 1.40028e-06 1.40028e-06 2.00040e-06 2.00040e-06
4.93861e+01 5.94103e-05 1.30023e-06 1.30023e-06 1.60028e-06 1.60028e-06
5.31844e+01 4.97075e-05 1.10017e-06 1.10017e-06 1.40021e-06 1.40021e-06
5.72311e+01 3.83050e-05 1.00013e-06 1.00013e-06 1.10014e-06 1.10014e-06
6.15780e+01 3.16036e-05 8.00090e-07 8.00090e-07 9.00101e-07 9.00101e-07
6.62733e+01 2.39023e-05 7.00068e-07 7.00068e-07 7.00068e-07 7.00068e-07
7.13207e+01 2.09018e-05 7.00059e-07 7.00059e-07 6.00051e-07 6.00051e-07
7.67166e+01 1.70012e-05 6.00044e-07 6.00044e-07 5.00036e-07 5.00036e-07
8.55892e+01 1.27007e-05 4.00024e-07 4.00024e-07 4.00024e-07 4.00024e-07
9.92836e+01 7.77034e-06 2.60011e-07 2.60011e-07 2.90013e-07 2.90013e-07
1.15253e+02 4.94016e-06 2.10007e-07 2.10007e-07 2.10007e-07 2.10007e-07
1.34617e+02 3.41008e-06 1.70004e-07 1.70004e-07 1.60004e-07 1.60004e-07
1.59451e+02 2.34004e-06 1.30002e-07 1.30002e-07 1.30002e-07 1.30002e-07
1.91219e+02 1.12001e-06 1.20001e-07 1.20001e-07 9.00011e-08 9.00011e-08
2.28734e+02 8.21007e-07 1.04001e-07 1.04001e-07 7.30006e-08 7.30006e-08
2.86283e+02 4.37002e-07 7.00004e-08 7.00004e-08 5.50003e-08 5.50003e-08
4.15271e+02 1.33000e-07 3.60001e-08 3.60001e-08 3.90001e-08 3.90001e-08
