5.270000e+00 1.040000e+00 1.910497e-02 1.910497e-02
5.745000e+00 1.029000e+00 1.910497e-02 1.910497e-02
6.245000e+00 1.020000e+00 1.910497e-02 1.910497e-02
6.770000e+00 1.020000e+00 1.910497e-02 1.910497e-02
7.345000e+00 1.019000e+00 1.923538e-02 1.923538e-02
7.970000e+00 1.010000e+00 1.923538e-02 1.923538e-02
8.645000e+00 1.006000e+00 1.923538e-02 1.923538e-02
9.365000e+00 9.990000e-01 1.923538e-02 1.923538e-02
1.014000e+01 9.970000e-01 1.923538e-02 1.923538e-02
1.096500e+01 9.900000e-01 1.923538e-02 1.923538e-02
1.186500e+01 9.880000e-01 1.923538e-02 1.923538e-02
1.284000e+01 9.840000e-01 1.923538e-02 1.923538e-02
1.386500e+01 9.810000e-01 1.923538e-02 1.923538e-02
1.496500e+01 9.660000e-01 1.923538e-02 1.923538e-02
1.614000e+01 9.630000e-01 1.923538e-02 1.923538e-02
1.739000e+01 9.630000e-01 1.923538e-02 1.923538e-02
1.873500e+01 9.560000e-01 1.941649e-02 1.941649e-02
2.018500e+01 9.600000e-01 2.039608e-02 2.039608e-02
2.173500e+01 9.470000e-01 2.039608e-02 2.039608e-02
2.338500e+01 9.430000e-01 2.039608e-02 2.039608e-02
2.516000e+01 9.450000e-01 2.061553e-02 2.061553e-02
2.705500e+01 9.420000e-01 2.061553e-02 2.061553e-02
2.908000e+01 9.490000e-01 2.061553e-02 2.061553e-02
3.125500e+01 9.310000e-01 2.088061e-02 2.088061e-02
3.360500e+01 9.380000e-01 2.184033e-02 2.184033e-02
3.612500e+01 9.420000e-01 2.184033e-02 2.184033e-02
3.882500e+01 9.390000e-01 2.213594e-02 2.213594e-02
4.172500e+01 9.250000e-01 2.213594e-02 2.213594e-02
4.484500e+01 9.360000e-01 2.340940e-02 2.340940e-02
4.822000e+01 9.230000e-01 2.340940e-02 2.340940e-02
5.195000e+01 9.300000e-01 2.340940e-02 2.340940e-02
5.595000e+01 9.190000e-01 2.376973e-02 2.376973e-02
6.020000e+01 9.160000e-01 2.376973e-02 2.376973e-02
6.495000e+01 9.170000e-01 2.416609e-02 2.416609e-02
7.045000e+01 9.180000e-01 2.507987e-02 2.507987e-02
7.670000e+01 9.080000e-01 2.549510e-02 2.549510e-02
8.365000e+01 9.050000e-01 2.549510e-02 2.549510e-02
9.165000e+01 8.950000e-01 2.594224e-02 2.594224e-02
1.006500e+02 9.050000e-01 2.729469e-02 2.729469e-02
1.108500e+02 8.920000e-01 2.729469e-02 2.729469e-02
1.228500e+02 9.200000e-01 2.865310e-02 2.865310e-02
1.372500e+02 9.120000e-01 3.001666e-02 3.001666e-02
1.549500e+02 9.030000e-01 3.052868e-02 3.052868e-02
1.768500e+02 9.120000e-01 3.275668e-02 3.275668e-02
2.044000e+02 8.920000e-01 3.328663e-02 3.328663e-02
2.406000e+02 9.680000e-01 3.911521e-02 3.911521e-02
2.905000e+02 9.390000e-01 4.049691e-02 4.049691e-02
3.635000e+02 9.390000e-01 4.494441e-02 4.494441e-02
4.819000e+02 8.970000e-01 4.973932e-02 4.973932e-02
7.130000e+02 9.350000e-01 8.102469e-02 8.102469e-02
1.162000e+03 9.380000e-01 1.096038e-01 1.096038e-01
