#source: CRDB
#Quantity: He
#EnergyType: EKN
#Experiment: AMS02
#ads: 2021PhR...894....1A
#E_mean - y - errSta_lo - errSta_up - errSys_lo - errSys_up
4.46337e-01 1.88563e+02 1.08572e-01 1.08572e-01 4.28861e+00 4.28861e+00
5.36881e-01 1.65870e+02 1.03491e-01 1.03491e-01 2.63902e+00 2.63902e+00
6.39432e-01 1.42844e+02 7.45143e-02 7.45143e-02 2.01189e+00 2.01189e+00
7.56064e-01 1.22613e+02 7.19561e-02 7.19561e-02 1.65499e+00 1.65499e+00
8.87251e-01 1.04557e+02 4.65731e-02 4.65731e-02 1.39719e+00 1.39719e+00
1.03279e+00 8.83704e+01 4.54347e-02 4.54347e-02 1.20402e+00 1.20402e+00
1.19506e+00 7.40655e+01 4.44971e-02 4.44971e-02 1.02343e+00 1.02343e+00
1.37407e+00 6.17017e+01 2.18645e-02 2.18645e-02 8.74581e-01 8.74581e-01
1.57199e+00 5.10248e+01 2.15477e-02 2.15477e-02 7.11073e-01 7.11073e-01
1.79129e+00 4.18886e+01 2.12849e-02 2.12849e-02 5.95976e-01 5.95976e-01
2.03198e+00 3.42150e+01 2.10683e-02 2.10683e-02 4.84572e-01 4.84572e-01
2.29403e+00 2.78680e+01 2.08906e-02 2.08906e-02 3.96921e-01 3.96921e-01
2.57962e+00 2.26522e+01 0.00000e+00 0.00000e+00 3.11156e-01 3.11156e-01
2.89128e+00 1.83948e+01 8.24879e-03 8.24879e-03 2.49526e-01 2.49526e-01
3.22896e+00 1.49354e+01 6.15640e-03 6.15640e-03 1.99057e-01 1.99057e-01
3.59491e+00 1.21135e+01 6.13133e-03 6.13133e-03 1.61458e-01 1.61458e-01
3.99167e+00 9.83376e+00 4.07364e-03 4.07364e-03 1.30356e-01 1.30356e-01
4.41921e+00 7.97589e+00 4.06208e-03 4.06208e-03 1.03583e-01 1.03583e-01
4.88687e+00 6.45534e+00 4.05231e-03 4.05231e-03 8.50986e-02 8.50986e-02
5.38145e+00 5.25154e+00 2.02215e-03 2.02215e-03 6.87533e-02 6.87533e-02
5.90054e+00 4.28404e+00 2.01887e-03 2.01887e-03 5.65284e-02 5.65284e-02
6.47002e+00 3.48776e+00 2.01604e-03 2.01604e-03 4.63690e-02 4.63690e-02
7.08993e+00 2.83117e+00 2.01364e-03 2.01364e-03 3.62455e-02 3.62455e-02
7.76026e+00 2.29523e+00 2.01160e-03 2.01160e-03 3.01740e-02 3.01740e-02
8.48099e+00 1.86275e+00 1.20593e-03 1.20593e-03 2.45205e-02 2.45205e-02
9.25210e+00 1.51235e+00 1.00421e-03 1.00421e-03 2.00843e-02 2.00843e-02
1.00736e+01 1.23062e+00 8.02884e-04 8.02884e-04 1.62584e-02 1.62584e-02
1.09693e+01 1.00027e+00 8.02465e-04 8.02465e-04 1.32407e-02 1.32407e-02
1.19413e+01 8.11931e-01 6.01579e-04 6.01579e-04 1.08284e-02 1.08284e-02
1.29636e+01 6.61891e-01 6.01354e-04 6.01354e-04 8.81986e-03 8.81986e-03
1.40602e+01 5.39844e-01 4.00775e-04 4.00775e-04 7.21395e-03 7.21395e-03
1.52330e+01 4.40934e-01 4.00667e-04 4.00667e-04 6.01000e-03 6.01000e-03
1.64801e+01 3.60917e-01 4.00574e-04 4.00574e-04 4.80689e-03 4.80689e-03
1.78274e+01 2.95365e-01 2.00247e-04 2.00247e-04 4.00495e-03 4.00495e-03
1.92749e+01 2.40856e-01 2.00213e-04 2.00213e-04 3.20341e-03 3.20341e-03
2.08226e+01 1.97401e-01 2.20202e-04 2.20202e-04 2.70248e-03 2.70248e-03
2.24704e+01 1.61969e-01 1.80143e-04 1.80143e-04 2.22176e-03 2.22176e-03
2.42426e+01 1.32631e-01 1.60110e-04 1.60110e-04 1.82125e-03 1.82125e-03
2.61408e+01 1.08985e-01 1.40083e-04 1.40083e-04 1.50089e-03 1.50089e-03
2.81633e+01 8.96660e-02 1.20062e-04 1.20062e-04 1.24064e-03 1.24064e-03
3.03360e+01 7.37328e-02 1.00044e-04 1.00044e-04 1.02045e-03 1.02045e-03
3.26829e+01 6.07434e-02 1.00038e-04 1.00038e-04 8.40323e-04 8.40323e-04
3.52060e+01 4.99366e-02 8.00266e-05 8.00266e-05 7.00233e-04 7.00233e-04
3.79033e+01 4.10318e-02 8.00231e-05 8.00231e-05 5.80167e-04 5.80167e-04
4.08008e+01 3.36284e-02 6.00150e-05 6.00150e-05 4.80120e-04 4.80120e-04
4.39226e+01 2.77460e-02 6.00130e-05 6.00130e-05 4.00086e-04 4.00086e-04
4.72946e+01 2.28043e-02 4.00075e-05 4.00075e-05 3.20060e-04 3.20060e-04
5.10371e+01 1.86250e-02 4.00064e-05 4.00064e-05 2.64042e-04 2.64042e-04
5.50394e+01 1.51961e-02 3.60050e-05 3.60050e-05 2.16030e-04 2.16030e-04
5.92824e+01 1.23735e-02 3.20038e-05 3.20038e-05 1.78021e-04 1.78021e-04
6.40258e+01 1.00590e-02 2.60027e-05 2.60027e-05 1.46015e-04 1.46015e-04
6.95094e+01 8.07271e-03 2.20019e-05 2.20019e-05 1.18010e-04 1.18010e-04
7.57539e+01 6.37447e-03 1.80013e-05 1.80013e-05 9.40069e-05 9.40069e-05
8.27382e+01 5.04231e-03 1.60010e-05 1.60010e-05 7.60047e-05 7.60047e-05
9.07232e+01 3.94420e-03 1.20006e-05 1.20006e-05 6.00031e-05 6.00031e-05
9.97092e+01 3.06413e-03 1.00004e-05 1.00004e-05 4.80021e-05 4.80021e-05
1.09934e+02 2.34008e-03 8.00028e-06 8.00028e-06 3.80013e-05 3.80013e-05
1.21898e+02 1.77905e-03 6.80020e-06 6.80020e-06 2.92008e-05 2.92008e-05
1.36337e+02 1.31043e-03 5.20012e-06 5.20012e-06 2.22005e-05 2.22005e-05
1.54012e+02 9.51617e-04 4.00007e-06 4.00007e-06 1.68003e-05 1.68003e-05
1.75894e+02 6.67809e-04 3.00004e-06 3.00004e-06 1.26002e-05 1.26002e-05
2.03481e+02 4.54805e-04 2.20002e-06 2.20002e-06 9.20010e-06 9.20010e-06
2.39651e+02 2.94602e-04 1.60001e-06 1.60001e-06 6.40005e-06 6.40005e-06
2.89571e+02 1.81901e-04 1.00001e-06 1.00001e-06 4.44002e-06 4.44002e-06
3.62568e+02 9.96603e-05 6.00002e-07 6.00002e-07 2.82001e-06 2.82001e-06
4.80944e+02 4.82401e-05 3.20001e-07 3.20001e-07 1.68000e-06 1.68000e-06
7.12135e+02 1.76620e-05 1.30000e-07 1.30000e-07 8.64001e-07 8.64001e-07
1.16093e+03 5.03600e-06 5.20000e-08 5.20000e-08 3.98000e-07 3.98000e-07
