#source: CRDB
#Quantity: He
#EnergyType: EKN
#Experiment: CALET
#ads: 2023PhRvL.130q1002A
#E_mean - y - errSta_lo - errSta_up - errSys_lo - errSys_up
1.25284e+01 7.24800e-01 8.00000e-03 8.00000e-03 7.45200e-02 4.47600e-02
1.98589e+01 2.22920e-01 1.76000e-03 1.76000e-03 2.01080e-02 1.26720e-02
3.14742e+01 6.54800e-02 4.00000e-04 4.00000e-04 5.78000e-03 3.76200e-03
4.98844e+01 1.90080e-02 1.04000e-04 1.04000e-04 1.60280e-03 1.25560e-03
7.90580e+01 5.41600e-03 2.80000e-05 2.80000e-05 4.17200e-04 3.93880e-04
1.25300e+02 1.55600e-03 8.00000e-06 8.00000e-06 1.02120e-04 1.04320e-04
1.98589e+02 4.56800e-04 2.40000e-06 2.40000e-06 2.77400e-05 3.14400e-05
3.14732e+02 1.37200e-04 8.00000e-07 8.00000e-07 7.89200e-06 1.03520e-05
4.98818e+02 4.25200e-05 2.80000e-07 2.80000e-07 2.32560e-06 3.13960e-06
7.90574e+02 1.34080e-05 1.20000e-07 1.20000e-07 7.00400e-07 9.43600e-07
1.25298e+03 4.29600e-06 4.80000e-08 4.80000e-08 2.24880e-07 3.07360e-07
1.98582e+03 1.38080e-06 2.08000e-08 2.08000e-08 7.26000e-08 1.00080e-07
3.14731e+03 4.51200e-07 9.20000e-09 9.20000e-09 2.51880e-08 3.41760e-08
4.98814e+03 1.48560e-07 4.08000e-09 4.08000e-09 9.27200e-09 1.19080e-08
7.90568e+03 4.78000e-08 1.84000e-09 1.84000e-09 3.25600e-09 4.49200e-09
1.25297e+04 1.37960e-08 7.68000e-10 7.68000e-10 8.56000e-10 1.51320e-09
1.98582e+04 3.99880e-09 3.28400e-10 3.28400e-10 3.13160e-10 6.04000e-10
3.14731e+04 1.21000e-09 1.47600e-10 1.47600e-10 8.16000e-11 1.97520e-10
4.98814e+04 3.48280e-10 6.78000e-11 6.78000e-11 3.55520e-11 6.75600e-11
