1.122000e+01 9.970000e-01 1.964688e-02 3.931921e-02
1.411000e+01 9.670000e-01 3.436568e-02 1.392839e-02
1.778000e+01 9.390000e-01 2.668333e-02 1.166190e-02
2.241000e+01 9.350000e-01 1.166190e-02 1.081665e-02
2.816000e+01 9.270000e-01 1.000000e-02 1.612452e-02
3.546000e+01 9.110000e-01 1.081665e-02 2.193171e-02
4.465000e+01 8.960000e-01 1.345362e-02 3.448188e-02
5.623000e+01 8.940000e-01 1.303840e-02 1.941649e-02
7.078000e+01 8.770000e-01 1.526434e-02 3.453983e-02
8.911000e+01 9.090000e-01 1.788854e-02 3.488553e-02
1.122000e+02 8.870000e-01 1.941649e-02 4.248529e-02
1.413000e+02 8.660000e-01 2.416609e-02 6.484597e-02
1.778000e+02 8.660000e-01 2.720294e-02 6.083584e-02
2.239000e+02 8.740000e-01 3.401470e-02 5.300943e-02
2.818000e+02 9.030000e-01 5.889822e-02 4.904080e-02
3.548000e+02 9.100000e-01 7.184010e-02 7.106335e-02
4.467000e+02 8.480000e-01 8.121576e-02 8.121576e-02
5.624000e+02 8.430000e-01 8.637129e-02 7.723341e-02
7.080000e+02 8.800000e-01 9.360556e-02 8.100617e-02
8.912000e+02 8.660000e-01 1.195031e-01 1.050000e-01
1.122000e+03 8.910000e-01 1.336899e-01 1.184610e-01
1.652000e+03 1.012000e+00 1.819505e-01 1.552611e-01
