#source: CRDB
#Quantity: B/C
#EnergyType: EKN
#Experiment: CALET
#ads: 2022PhRvL.129y1103A
#E_mean - y - errSta_lo - errSta_up - errSys_lo - errSys_up
9.16515e+00 2.08000e-01 1.00000e-03 1.00000e-03 4.00000e-03 1.10000e-02
1.12250e+01 1.97000e-01 1.00000e-03 1.00000e-03 4.00000e-03 9.00000e-03
1.41096e+01 1.87000e-01 1.00000e-03 1.00000e-03 3.00000e-03 9.00000e-03
1.77764e+01 1.71000e-01 2.00000e-03 2.00000e-03 3.00000e-03 8.00000e-03
2.24054e+01 1.55000e-01 2.00000e-03 2.00000e-03 3.00000e-03 7.00000e-03
2.81631e+01 1.46000e-01 2.00000e-03 2.00000e-03 3.00000e-03 3.00000e-03
3.54638e+01 1.34000e-01 2.00000e-03 2.00000e-03 2.00000e-03 3.00000e-03
4.46540e+01 1.23000e-01 2.00000e-03 2.00000e-03 2.00000e-03 3.00000e-03
5.62255e+01 1.07000e-01 3.00000e-03 3.00000e-03 2.00000e-03 3.00000e-03
7.07823e+01 9.80000e-02 3.00000e-03 3.00000e-03 2.00000e-03 2.00000e-03
8.91067e+01 9.30000e-02 3.00000e-03 3.00000e-03 2.00000e-03 2.00000e-03
1.12205e+02 9.10000e-02 4.00000e-03 4.00000e-03 2.00000e-03 2.00000e-03
1.41263e+02 8.50000e-02 5.00000e-03 5.00000e-03 2.00000e-03 2.00000e-03
1.77822e+02 8.00000e-02 5.00000e-03 5.00000e-03 2.00000e-03 2.00000e-03
2.23862e+02 6.70000e-02 6.00000e-03 6.00000e-03 2.00000e-03 2.00000e-03
2.81832e+02 5.70000e-02 6.00000e-03 6.00000e-03 2.00000e-03 4.00000e-03
3.54795e+02 5.20000e-02 7.00000e-03 7.00000e-03 2.00000e-03 4.00000e-03
5.62326e+02 5.70000e-02 9.00000e-03 9.00000e-03 2.00000e-03 5.00000e-03
9.99972e+02 3.60000e-02 1.10000e-02 1.10000e-02 1.00000e-03 4.00000e-03
2.20454e+03 4.00000e-02 1.60000e-02 1.60000e-02 2.00000e-03 5.00000e-03
