#source: CRDB
#Quantity: H
#EnergyType: EK
#Experiment: CALET
#ads: 2019PhRvL.122r1102A
#E_mean - y - errSta_lo - errSta_up - errSys_lo - errSys_up
5.62255e+01 2.17600e-01 1.20000e-03 1.20000e-03 1.33124e-02 1.37645e-02
7.07823e+01 1.15700e-01 8.00000e-04 8.00000e-04 7.37564e-03 7.76209e-03
8.91067e+01 6.06400e-02 4.70000e-04 4.70000e-04 4.12604e-03 4.38545e-03
1.12205e+02 3.15300e-02 3.00000e-04 3.00000e-04 2.29393e-03 2.44436e-03
1.41263e+02 1.63100e-02 1.90000e-04 1.90000e-04 1.20370e-03 1.28798e-03
1.77822e+02 8.55800e-03 1.22000e-04 1.22000e-04 6.12295e-04 6.49631e-04
2.23862e+02 4.46300e-03 7.80000e-05 7.80000e-05 3.12247e-04 3.29492e-04
2.81832e+02 2.34500e-03 5.00000e-05 5.00000e-05 1.64027e-04 1.72235e-04
3.54795e+02 1.24200e-03 4.00000e-06 4.00000e-06 1.07824e-04 6.86804e-05
4.46685e+02 6.56500e-04 2.90000e-06 2.90000e-06 5.43768e-05 3.53389e-05
5.62367e+02 3.50500e-04 1.80000e-06 1.80000e-06 2.85911e-05 1.90686e-05
7.07957e+02 1.90700e-04 1.20000e-06 1.20000e-06 1.56780e-05 1.11018e-05
8.91235e+02 1.03700e-04 8.00000e-07 8.00000e-07 8.38630e-06 6.67083e-06
1.12201e+03 5.66500e-05 5.00000e-07 5.00000e-07 4.51728e-06 3.73568e-06
1.41253e+03 3.13100e-05 3.30000e-07 3.30000e-07 2.23081e-06 2.03199e-06
1.77830e+03 1.77200e-05 2.30000e-07 2.30000e-07 1.27883e-06 1.10535e-06
2.23875e+03 1.00100e-05 1.50000e-07 1.50000e-07 7.34983e-07 6.54370e-07
2.81840e+03 5.53100e-06 9.50000e-08 9.50000e-08 3.95607e-07 3.98890e-07
3.54816e+03 3.04400e-06 6.30000e-08 6.30000e-08 2.15873e-07 2.35849e-07
4.46686e+03 1.66100e-06 4.10000e-08 4.10000e-08 1.15209e-07 1.48486e-07
5.62344e+03 9.09000e-07 2.66000e-08 2.66000e-08 6.82581e-08 9.12195e-08
7.07948e+03 5.05600e-07 1.74000e-08 1.74000e-08 4.12311e-08 4.87591e-08
8.91252e+03 2.74100e-07 1.15000e-08 1.15000e-08 2.38472e-08 2.50888e-08
