1.245250e+01 7.248000e-01 7.494818e-02 4.546930e-02
1.973750e+01 2.229200e-01 2.018488e-02 1.279364e-02
3.127500e+01 6.548000e-02 5.793824e-03 3.783206e-03
4.957500e+01 1.900800e-02 1.606171e-03 1.259900e-03
7.857500e+01 5.416000e-03 4.181385e-04 3.948740e-04
1.245250e+02 1.556000e-03 1.024329e-04 1.046263e-04
1.973750e+02 4.568000e-04 2.784363e-05 3.153147e-05
3.127500e+02 1.372000e-04 7.932444e-06 1.038287e-05
4.957500e+02 4.252000e-05 2.342395e-06 3.152061e-06
7.857500e+02 1.340800e-05 7.106055e-07 9.511997e-07
1.245250e+03 4.296000e-06 2.299457e-07 3.110855e-07
1.973750e+03 1.380800e-06 7.552086e-08 1.022186e-07
3.127500e+03 4.512000e-07 2.681558e-08 3.539264e-08
4.957500e+03 1.485600e-07 1.012997e-08 1.258757e-08
7.857500e+03 4.780000e-08 3.739938e-09 4.854242e-09
1.245250e+04 1.379600e-08 1.150026e-09 1.696938e-09
1.973750e+04 3.998800e-09 4.537794e-10 6.875046e-10
3.127500e+04 1.210000e-09 1.686544e-10 2.465764e-10
4.957500e+04 3.482800e-10 7.655576e-11 9.571412e-11
