5.614000e+01 2.180000e-01 1.353699e-02 1.353699e-02
7.067000e+01 1.160000e-01 7.873760e-03 7.873760e-03
8.897000e+01 6.060000e-02 4.170084e-03 4.408446e-03
1.121000e+02 3.150000e-02 2.319483e-03 2.488152e-03
1.413000e+02 1.630000e-02 1.236285e-03 1.315295e-03
1.781000e+02 8.560000e-03 6.216912e-04 6.629510e-04
2.237000e+02 4.460000e-03 3.182200e-04 3.337304e-04
2.812000e+02 2.350000e-03 1.714526e-04 1.791201e-04
3.541000e+02 1.250000e-03 1.214125e-04 7.140371e-05
4.459000e+02 6.590000e-04 6.092750e-05 3.765953e-05
5.614000e+02 3.510000e-04 3.155456e-05 2.020000e-05
7.067000e+02 1.910000e-04 1.711724e-05 1.216553e-05
8.897000e+02 1.040000e-04 8.995755e-06 6.477654e-06
1.121000e+03 5.640000e-05 4.751842e-06 4.080490e-06
1.413000e+03 3.090000e-05 2.334524e-06 2.334524e-06
1.781000e+03 1.730000e-05 1.236285e-06 1.236285e-06
2.237000e+03 9.740000e-06 6.651346e-07 6.963476e-07
2.812000e+03 5.370000e-06 3.526769e-07 4.226926e-07
3.541000e+03 2.960000e-06 1.935355e-07 2.493271e-07
4.459000e+03 1.630000e-06 1.101635e-07 1.598405e-07
5.614000e+03 9.030000e-07 6.985478e-08 1.043456e-07
7.067000e+03 5.090000e-07 4.474651e-08 6.414640e-08
8.897000e+03 2.810000e-07 2.827083e-08 3.720497e-08
1.121000e+04 1.480000e-07 1.550774e-08 1.897367e-08
1.413000e+04 7.610000e-08 7.969448e-09 9.387699e-09
1.781000e+04 3.800000e-08 4.125542e-09 4.278890e-09
2.237000e+04 1.940000e-08 2.650000e-09 2.202272e-09
3.141000e+04 7.510000e-09 1.410319e-09 1.010319e-09
4.981000e+04 2.010000e-09 6.055873e-10 4.733540e-10
