#source: CRDB
#Quantity: C/O
#EnergyType: EKN
#Experiment: CALET
#ads: 2020PhRvL.125y1102A
#E_mean - y - errSta_lo - errSta_up - errSys_lo - errSys_up
1.12250e+01 9.97000e-01 5.00000e-03 5.00000e-03 1.90000e-02 3.90000e-02
1.41096e+01 9.67000e-01 5.00000e-03 5.00000e-03 3.40000e-02 1.30000e-02
1.77764e+01 9.39000e-01 6.00000e-03 6.00000e-03 2.60000e-02 1.00000e-02
2.24054e+01 9.35000e-01 6.00000e-03 6.00000e-03 1.00000e-02 9.00000e-03
2.81631e+01 9.27000e-01 8.00000e-03 8.00000e-03 6.00000e-03 1.40000e-02
3.54638e+01 9.11000e-01 9.00000e-03 9.00000e-03 6.00000e-03 2.00000e-02
4.46540e+01 8.96000e-01 1.00000e-02 1.00000e-02 9.00000e-03 3.30000e-02
5.62255e+01 8.94000e-01 1.10000e-02 1.10000e-02 7.00000e-03 1.60000e-02
7.07823e+01 8.77000e-01 1.30000e-02 1.30000e-02 8.00000e-03 3.20000e-02
8.91067e+01 9.09000e-01 1.60000e-02 1.60000e-02 8.00000e-03 3.10000e-02
1.12205e+02 8.87000e-01 1.90000e-02 1.90000e-02 4.00000e-03 3.80000e-02
1.41263e+02 8.66000e-01 2.20000e-02 2.20000e-02 1.00000e-02 6.10000e-02
1.77822e+02 8.66000e-01 2.60000e-02 2.60000e-02 8.00000e-03 5.50000e-02
2.23862e+02 8.74000e-01 3.10000e-02 3.10000e-02 1.40000e-02 4.30000e-02
2.81832e+02 9.03000e-01 3.80000e-02 3.80000e-02 4.50000e-02 3.10000e-02
3.54795e+02 9.10000e-01 4.50000e-02 4.50000e-02 5.60000e-02 5.50000e-02
4.46685e+02 8.48000e-01 5.00000e-02 5.00000e-02 6.40000e-02 6.40000e-02
5.62367e+02 8.43000e-01 5.80000e-02 5.80000e-02 6.40000e-02 5.10000e-02
7.07957e+02 8.80000e-01 7.10000e-02 7.10000e-02 6.10000e-02 3.90000e-02
8.91235e+02 8.66000e-01 8.40000e-02 8.40000e-02 8.50000e-02 6.30000e-02
1.12201e+03 8.91000e-01 9.70000e-02 9.70000e-02 9.20000e-02 6.80000e-02
1.65156e+03 1.01200e+00 1.41000e-01 1.41000e-01 1.15000e-01 6.50000e-02
