1.122000e+01 1.970000e-01 4.123106e-03 9.055385e-03
1.411000e+01 1.870000e-01 3.162278e-03 9.055385e-03
1.778000e+01 1.710000e-01 3.605551e-03 8.246211e-03
2.241000e+01 1.550000e-01 3.605551e-03 7.280110e-03
2.816000e+01 1.460000e-01 3.605551e-03 3.605551e-03
3.546000e+01 1.340000e-01 2.828427e-03 3.605551e-03
4.465000e+01 1.230000e-01 2.828427e-03 3.605551e-03
5.623000e+01 1.070000e-01 3.605551e-03 4.242641e-03
7.078000e+01 9.800000e-02 3.605551e-03 3.605551e-03
8.911000e+01 9.300000e-02 3.605551e-03 3.605551e-03
1.122000e+02 9.100000e-02 4.472136e-03 4.472136e-03
1.413000e+02 8.500000e-02 5.385165e-03 5.385165e-03
1.778000e+02 8.000000e-02 5.385165e-03 5.385165e-03
2.239000e+02 6.700000e-02 6.324555e-03 6.324555e-03
2.818000e+02 5.700000e-02 6.324555e-03 7.211103e-03
3.548000e+02 5.200000e-02 7.280110e-03 8.062258e-03
5.623000e+02 5.700000e-02 9.219544e-03 1.029563e-02
1.000000e+03 3.600000e-02 1.104536e-02 1.170470e-02
2.205000e+03 4.000000e-02 1.612452e-02 1.676305e-02
