#source: CRDB
#Quantity: H
#EnergyType: EK
#Experiment: DAMPE
#ads: 2019SciA....5.3793A
#E_mean - y - errSta_lo - errSta_up - errSys_lo - errSys_up
5.01137e+01 2.97000e-01 0.00000e+00 0.00000e+00 2.44131e-02 2.44131e-02
7.94355e+01 8.43000e-02 0.00000e+00 0.00000e+00 6.88186e-03 6.88186e-03
1.25897e+02 2.38000e-02 0.00000e+00 0.00000e+00 1.94165e-03 1.94165e-03
1.99537e+02 6.64000e-03 0.00000e+00 0.00000e+00 5.38238e-04 5.38238e-04
3.16232e+02 1.89000e-03 0.00000e+00 0.00000e+00 1.50000e-04 1.50000e-04
5.01200e+02 5.39000e-04 1.00000e-06 1.00000e-06 4.38292e-05 4.38292e-05
7.94355e+02 1.60000e-04 0.00000e+00 0.00000e+00 1.30384e-05 1.30384e-05
1.25897e+03 4.81000e-05 1.00000e-07 1.00000e-07 4.02244e-06 4.02244e-06
1.99537e+03 1.45000e-05 1.00000e-07 1.00000e-07 1.47648e-06 1.47648e-06
3.16232e+03 4.45000e-06 2.00000e-08 2.00000e-08 4.87545e-07 4.87545e-07
5.01200e+03 1.36000e-06 1.00000e-08 1.00000e-08 1.43178e-07 1.43178e-07
7.94355e+03 4.06000e-07 4.00000e-09 4.00000e-09 4.42832e-08 4.42832e-08
1.25893e+04 1.20000e-07 2.00000e-09 2.00000e-09 1.34164e-08 1.34164e-08
1.99527e+04 3.35000e-08 7.00000e-10 7.00000e-10 3.71214e-09 3.71214e-09
3.16230e+04 9.03000e-09 2.60000e-10 2.60000e-10 1.01119e-09 1.01119e-09
5.01190e+04 2.47000e-09 1.10000e-10 1.10000e-10 2.83019e-10 2.83019e-10
7.94330e+04 6.50000e-10 4.00000e-11 4.00000e-11 8.12158e-11 8.12158e-11
