1.257000e+01 1.926000e-01 1.122943e-02 1.122943e-02
1.991000e+01 1.616000e-01 7.034913e-03 7.034913e-03
3.161000e+01 1.373000e-01 6.129437e-03 6.129437e-03
5.011000e+01 1.176000e-01 5.147815e-03 5.147815e-03
7.944000e+01 1.015000e-01 4.512206e-03 4.512206e-03
1.257000e+02 8.840000e-02 4.016217e-03 4.016217e-03
1.991000e+02 7.940000e-02 4.024922e-03 4.024922e-03
3.161000e+02 7.300000e-02 4.140048e-03 4.140048e-03
5.011000e+02 6.780000e-02 4.675468e-03 4.675468e-03
7.944000e+02 6.240000e-02 5.882176e-03 5.882176e-03
1.333000e+03 5.940000e-02 7.513322e-03 7.513322e-03
2.371000e+03 5.320000e-02 9.507891e-03 9.507891e-03
4.217000e+03 4.700000e-02 1.306484e-02 1.306484e-02
