#source: CRDB
#Quantity: C/O
#EnergyType: EKN
#Experiment: DAMPE
#ads: 2022SciBu..67.2162D
#E_mean - y - errSta_lo - errSta_up - errSys_lo - errSys_up
1.25698e+01 9.77155e-01 1.55845e-02 1.55845e-02 8.36002e-02 8.36002e-02
1.99143e+01 9.56683e-01 6.45605e-03 6.45605e-03 6.50362e-02 6.50362e-02
3.16066e+01 9.39548e-01 6.54604e-03 6.54604e-03 6.47713e-02 6.47713e-02
5.01137e+01 9.21769e-01 8.73963e-03 8.73963e-03 6.28272e-02 6.28272e-02
7.94355e+01 9.13300e-01 1.33428e-02 1.33428e-02 6.24342e-02 6.24342e-02
1.25698e+02 9.08371e-01 1.90452e-02 1.90452e-02 6.14983e-02 6.14983e-02
1.99143e+02 9.09320e-01 2.97214e-02 2.97214e-02 6.31686e-02 6.31686e-02
3.16066e+02 9.28767e-01 4.57446e-02 4.57446e-02 7.23358e-02 7.23358e-02
5.01137e+02 9.61652e-01 7.05633e-02 7.05633e-02 7.47674e-02 7.47674e-02
7.94355e+02 9.42308e-01 1.02248e-01 1.02248e-01 8.33867e-02 8.33867e-02
1.33342e+03 8.90572e-01 1.41267e-01 1.41267e-01 8.31221e-02 8.31221e-02
2.37108e+03 9.37970e-01 2.20030e-01 2.20030e-01 9.98403e-02 9.98403e-02
4.21662e+03 1.13191e+00 4.25001e-01 4.25001e-01 1.48557e-01 1.48557e-01
