4.981000e+01 2.970000e-01 2.441000e-02 2.441000e-02
7.895000e+01 8.430000e-02 6.882000e-03 6.882000e-03
1.251000e+02 2.380000e-02 1.942000e-03 1.942000e-03
1.983000e+02 6.640000e-03 5.382000e-04 5.382000e-04
3.143000e+02 1.890000e-03 1.500000e-04 1.500000e-04
4.981000e+02 5.390000e-04 4.384141e-05 4.384141e-05
7.895000e+02 1.600000e-04 1.304000e-05 1.304000e-05
1.251000e+03 4.810000e-05 4.023243e-06 4.023243e-06
1.983000e+03 1.450000e-05 1.479384e-06 1.479384e-06
3.143000e+03 4.450000e-06 4.879101e-07 4.879101e-07
4.981000e+03 1.360000e-06 1.435487e-07 1.435487e-07
7.895000e+03 4.060000e-07 4.446030e-08 4.446030e-08
1.251000e+04 1.200000e-07 1.356821e-08 1.356821e-08
1.983000e+04 3.350000e-08 3.777426e-09 3.777426e-09
3.143000e+04 9.030000e-09 1.043897e-09 1.043897e-09
4.981000e+04 2.470000e-09 3.036264e-10 3.036264e-10
7.895000e+04 6.500000e-10 9.053556e-11 9.053556e-11
