1.982500e+01 2.104400e-01 2.981677e-02 2.981677e-02
2.687500e+01 9.476000e-02 1.340597e-02 1.340597e-02
3.645000e+01 4.264000e-02 6.042119e-03 6.042119e-03
4.965000e+01 1.863200e-02 2.640682e-03 2.640682e-03
6.750000e+01 8.088000e-03 1.144343e-03 1.144343e-03
9.190000e+01 3.538400e-03 5.201478e-04 5.201478e-04
1.249500e+02 1.557600e-03 2.060761e-04 2.060761e-04
1.697750e+02 6.908000e-04 9.164278e-05 9.164278e-05
2.307750e+02 3.069600e-04 4.082266e-05 4.082266e-05
3.135000e+02 1.368800e-04 1.817273e-05 1.817273e-05
4.262500e+02 6.196000e-05 8.207899e-06 8.207899e-06
5.792500e+02 2.864400e-05 4.604005e-06 4.604005e-06
7.875000e+02 1.339200e-05 2.146718e-06 2.146718e-06
1.070250e+03 6.192000e-06 9.938129e-07 9.938129e-07
1.454750e+03 2.808400e-06 4.492582e-07 4.492582e-07
1.977500e+03 1.290800e-06 2.076894e-07 2.076894e-07
2.687500e+03 6.208000e-07 1.002277e-07 1.002277e-07
3.652500e+03 2.980400e-07 4.801773e-08 4.801773e-08
4.965000e+03 1.401600e-07 2.273331e-08 2.273331e-08
6.750000e+03 6.616000e-08 1.079452e-08 1.079452e-08
9.175000e+03 2.966400e-08 4.895542e-09 4.895542e-09
1.247000e+04 1.241600e-08 2.088479e-09 2.088479e-09
1.695250e+04 5.196000e-09 9.049641e-10 9.049641e-10
