#source: CRDB
#Quantity: He
#EnergyType: EKN
#Experiment: DAMPE
#ads: 2021PhRvL.126t1102A
#E_mean - y - errSta_lo - errSta_up - errSys_lo - errSys_up
1.98809e+01 2.10440e-01 1.00000e-03 1.00000e-03 2.98000e-02 2.98000e-02
2.69548e+01 9.47600e-02 4.00000e-04 4.00000e-04 1.34000e-02 1.34000e-02
3.65505e+01 4.26400e-02 1.60000e-04 1.60000e-04 6.04000e-03 6.04000e-03
4.97946e+01 1.86320e-02 6.00000e-05 6.00000e-05 2.64000e-03 2.64000e-03
6.76905e+01 8.08800e-03 2.80000e-05 2.80000e-05 1.14400e-03 1.14400e-03
9.21548e+01 3.53840e-03 1.24000e-05 1.24000e-05 5.20000e-04 5.20000e-04
1.25280e+02 1.55760e-03 5.60000e-06 5.60000e-06 2.06000e-04 2.06000e-04
1.70238e+02 6.90800e-04 2.80000e-06 2.80000e-06 9.16000e-05 9.16000e-05
2.31399e+02 3.06960e-04 1.36000e-06 1.36000e-06 4.08000e-05 4.08000e-05
3.14425e+02 1.36880e-04 6.80000e-07 6.80000e-07 1.81600e-05 1.81600e-05
4.27327e+02 6.19600e-05 3.60000e-07 3.60000e-07 8.20000e-06 8.20000e-06
5.80896e+02 2.86440e-05 1.92000e-07 1.92000e-07 4.60000e-06 4.60000e-06
7.89562e+02 1.33920e-05 1.08000e-07 1.08000e-07 2.14400e-06 2.14400e-06
1.07321e+03 6.19200e-06 6.00000e-08 6.00000e-08 9.92000e-07 9.92000e-07
1.45879e+03 2.80840e-06 3.36000e-08 3.36000e-08 4.48000e-07 4.48000e-07
1.98285e+03 1.29080e-06 1.92000e-08 1.92000e-08 2.06800e-07 2.06800e-07
2.69531e+03 6.20800e-07 1.12000e-08 1.12000e-08 9.96000e-08 9.96000e-08
3.66312e+03 2.98040e-07 6.32000e-09 6.32000e-09 4.76000e-08 4.76000e-08
4.97869e+03 1.40160e-07 3.64000e-09 3.64000e-09 2.24400e-08 2.24400e-08
6.76768e+03 6.61600e-08 2.04000e-09 2.04000e-09 1.06000e-08 1.06000e-08
9.19893e+03 2.96640e-08 1.14400e-09 1.14400e-09 4.76000e-09 4.76000e-09
1.25048e+04 1.24160e-08 6.40000e-10 6.40000e-10 1.98800e-09 1.98800e-09
1.69982e+04 5.19600e-09 3.56000e-10 3.56000e-10 8.32000e-10 8.32000e-10
