#source: CRDB
#Quantity: B/C
#EnergyType: EKN
#Experiment: DAMPE
#ads: 2022SciBu..67.2162D
#E_mean - y - errSta_lo - errSta_up - errSys_lo - errSys_up
1.25698e+01 1.92600e-01 1.70000e-03 1.70000e-03 1.11000e-02 1.11000e-02
1.99143e+01 1.61600e-01 7.00000e-04 7.00000e-04 7.00000e-03 7.00000e-03
3.16066e+01 1.37300e-01 6.00000e-04 6.00000e-04 6.10000e-03 6.10000e-03
5.01137e+01 1.17600e-01 7.00000e-04 7.00000e-04 5.10000e-03 5.10000e-03
7.94355e+01 1.01500e-01 1.00000e-03 1.00000e-03 4.40000e-03 4.40000e-03
1.25698e+02 8.84000e-02 1.30000e-03 1.30000e-03 3.80000e-03 3.80000e-03
1.99143e+02 7.94000e-02 1.80000e-03 1.80000e-03 3.60000e-03 3.60000e-03
3.16066e+02 7.30000e-02 2.50000e-03 2.50000e-03 3.30000e-03 3.30000e-03
5.01137e+02 6.78000e-02 3.50000e-03 3.50000e-03 3.10000e-03 3.10000e-03
7.94355e+02 6.24000e-02 4.80000e-03 4.80000e-03 3.40000e-03 3.40000e-03
1.33342e+03 5.94000e-02 6.70000e-03 6.70000e-03 3.40000e-03 3.40000e-03
2.37108e+03 5.32000e-02 8.80000e-03 8.80000e-03 3.60000e-03 3.60000e-03
4.21662e+03 4.70000e-02 1.25000e-02 1.25000e-02 3.80000e-03 3.80000e-03
